383043617664892-389277822354893
556611862043494-556611862043494
274508378584282-275365868284529
499760463992136-500194281740969
335363684770098-335865042614837
132634720972609-136359669646443
48637321661303-49371405551775
289676686766408-291111389458336
303943030927953-306704491346224
72469746402576-76411616096779
213470662105150-216949824299804
335143404585459-335363684770098
399578330671204-399578330671204
423815311181584-428736473854541
445144803510287-450475034927663
181924570350095-184942479621370
271485824712069-272119732643846
501293388994070-501917298951352


383734537997532
24657100611251
520821331708771
422039118247329
484567139199568
441837316387594
516084780011049
337572184313171
79896717668504
362407282827572
262927749590281
4600582446822
20479725914605
316673660085040
150911045899499
105793083518587
505457825403767
217326108682953
401593355409508
264110710812876
539715328959720
333894704810317
167868431550961
108073355996413
358832271884875
370083676710851
144146356182316
299326469939326
451179040861621
562797562440798
261888227211711
34513576935481
431564042996054
133540410840332
400693129667043
330871509870981
162083894698322
404340460811400
452678699614448
44700902544515
207781513834135
481637750058541
303919698188041
152233105325664
170420375408707
429632520313032
118750054397205
538233986166518
336000607910588
75573801239961
474576990172830
351313903771616
293020346333501
143219419908303
376005310484509
231798843180746
302344335375095
208775675371698
466777208332944
426795976312923
296718834292226
274891957797774
245541505205485
124574740840114
361897915742034
258258189422470
18518755533412
439288108198777
284808369169565
486909087444453
341009201677274
440989352590216
211866810456223
202895009339858
169111557452125
268953986364215
291760825337574
412811458758996
561674155302938
361489161940968
491930484280582
490908185729184
160630856900700
275611709854587
288095649742859
50739662946772
105987613744783
62287529288807
369938388636371
45646987835972
190859650029807
211229665184710
303046540525604
273446909703395
326684255534029
49590529469985
460124869940713
234764478699624
561703888939008
174990639813621
216770394120701